NODE	17	18	19	20	21	22	23	24	25	26	27	28	29	30	31	32	33	34	35	36	37	38	39	40	41	42	43	44	45	
N1	1.33672e-22	3.93557e-21	1.4435e-19	4.13025e-18	1.05144e-13	2.56039e-11	3.39611e-09	2.46788e-07	9.88813e-06	0.000220075	0.002746	0.0194377	0.079246	0.189597	0.272148	0.240259	0.133967	0.0484861	0.0117044	0.00193491	0.00022467	1.87714e-05	1.15539e-06	5.36782e-08	1.93795e-09	5.68268e-11	1.47733e-12	5.55687e-17	1.42171e-17	
N2	1.33642e-22	3.93407e-21	1.44298e-19	4.47687e-18	1.05218e-13	2.56159e-11	3.39717e-09	2.46838e-07	9.88939e-06	0.000220093	0.00274612	0.0194381	0.0792467	0.189597	0.272147	0.240258	0.133967	0.0484865	0.0117046	0.00193499	0.000224684	1.87732e-05	1.15554e-06	5.36877e-08	1.93838e-09	5.68419e-11	1.47773e-12	8.19967e-17	1.42151e-17	
Tellervo_zoilus	0	0	0	0	0	0	0	0	0	0	0	0	0	0	0	1	0	0	0	0	0	0	0	0	0	0	0	0	0	
N3	5.53427e-21	1.95229e-18	6.20506e-16	1.29234e-13	1.74377e-11	1.51223e-09	8.35153e-08	2.90806e-06	6.32125e-05	0.000850185	0.00702984	0.0356493	0.111213	0.215468	0.263453	0.207758	0.108433	0.0385223	0.00958635	0.00171847	0.000227872	2.29079e-05	1.78567e-06	1.10155e-07	5.47797e-09	2.23358e-10	7.61092e-12	2.30958e-13	1.09454e-14	
N4	4.80148e-22	2.80088e-19	1.35277e-16	4.06023e-14	7.48996e-12	8.42936e-10	5.74361e-08	2.35236e-06	5.75627e-05	0.000838426	0.00726588	0.0376116	0.117356	0.22394	0.266484	0.202465	0.100823	0.0338255	0.0078589	0.00129872	0.000156563	1.40972e-05	9.68943e-07	5.18633e-08	2.20187e-09	7.5454e-11	2.13224e-12	5.3135e-14	2.00114e-15	
N5	3.9199e-17	4.30958e-15	4.92957e-13	3.87059e-11	2.05473e-09	7.36915e-08	1.78568e-06	2.92566e-05	0.000324625	0.00244622	0.0125734	0.0443621	0.108394	0.185551	0.225741	0.198449	0.128359	0.0622398	0.0230507	0.00663957	0.00151345	0.000277555	4.1614e-05	5.18369e-06	5.4597e-07	4.96716e-08	4.02353e-09	3.10394e-10	3.43639e-11	
Amauris_tartarea	0	0	0	0	0	0	0	0	0	0	0	0	0	0	0	0	0	0	0	0	0.314555	0.494866	0.162782	0.0277977	0	0	0	0	0	
N6	6.50177e-15	8.75991e-13	1.10761e-10	8.70727e-09	4.08483e-07	1.11874e-05	0.000178722	0.00172871	0.0105436	0.041878	0.110861	0.198728	0.243746	0.205899	0.120325	0.0488818	0.0139235	0.00282561	0.000418553	4.65321e-05	3.9907e-06	2.70756e-07	1.48609e-08	6.72937e-10	2.55805e-11	8.29864e-13	2.34916e-14	6.23267e-16	2.55721e-17	
Parantica_agleoides	0	0	0	0	0	0	0	0	0	0	0	0	0	0	0	0	1	0	0	0	0	0	0	0	0	0	0	0	0	
Parantica_melusine	0	0	0	0	0	1	0	0	0	0	0	0	0	0	0	0	0	0	0	0	0	0	0	0	0	0	0	0	0	
N7	8.79383e-21	3.17977e-18	1.0457e-15	2.22725e-13	3.02285e-11	2.59349e-09	1.39468e-07	4.66021e-06	9.59799e-05	0.00121077	0.00932437	0.0438807	0.126986	0.228734	0.261039	0.193023	0.0948779	0.0318576	0.00751131	0.00127735	0.0001607	1.5314e-05	1.12966e-06	6.57939e-08	3.08065e-09	1.17971e-10	3.77772e-12	1.09019e-13	4.80563e-15	
N8	2.79895e-18	4.29272e-16	6.63711e-14	7.02179e-12	5.01815e-10	2.41052e-08	7.73656e-07	1.64772e-05	0.000231236	0.00212473	0.0127275	0.0496652	0.126822	0.214209	0.243351	0.18993	0.104297	0.0413121	0.0120991	0.0026831	0.000460725	6.25397e-05	6.83904e-06	6.12965e-07	4.57432e-08	2.8871e-09	1.5781e-10	8.16779e-12	6.92701e-13	
N9	1.04997e-23	1.03073e-20	8.43641e-18	4.38424e-15	1.41996e-12	2.81355e-10	3.33194e-08	2.29125e-06	8.83546e-05	0.00183425	0.019606	0.103485	0.263077	0.324832	0.203085	0.0686827	0.0135116	0.00165401	0.000133551	7.47063e-06	3.01679e-07	9.10427e-09	2.11442e-10	3.87487e-12	5.72565e-14	6.95457e-16	7.09184e-18	6.4045e-20	7.90442e-22	
N10	8.49103e-26	1.61805e-22	2.3491e-19	2.10038e-16	1.13486e-13	3.62356e-11	6.65166e-09	6.79099e-07	3.70884e-05	0.00103679	0.014156	0.0903675	0.261807	0.343509	0.211401	0.0654575	0.0110562	0.00109951	6.88117e-05	2.86752e-06	8.3427e-08	1.7634e-09	2.80047e-11	3.43832e-13	3.34431e-15	2.63188e-17	1.70753e-19	9.40129e-22	6.6982e-24	
N11	9.45841e-25	1.10479e-21	1.05257e-18	6.4539e-16	2.50572e-13	6.04261e-11	8.83106e-09	7.58462e-07	3.68613e-05	0.000968693	0.0130585	0.0853119	0.256569	0.346536	0.216831	0.0678294	0.0115987	0.00117901	7.65755e-05	3.37468e-06	1.06038e-07	2.47478e-09	4.43804e-11	6.29149e-13	7.22142e-15	6.84946e-17	5.4661e-19	3.78323e-21	3.54012e-23	
Danaus_chrysippus	0	0	0	0	0	0	0	0	0	0	0	0	0	0.538793	0.461207	0	0	0	0	0	0	0	0	0	0	0	0	0	0	
N12	9.58494e-46	9.87763e-41	7.27922e-36	3.39583e-31	9.86179e-27	1.74413e-22	1.82306e-18	1.08117e-14	3.43818e-11	5.40578e-08	3.70899e-05	0.00893562	0.46663	0.510085	0.0142098	0.000101309	3.02565e-07	4.75303e-10	4.48982e-13	2.78774e-16	1.21255e-19	3.87553e-23	9.4456e-27	1.80788e-30	2.78275e-34	3.51248e-38	3.69657e-42	3.31908e-46	3.15566e-50	
Danaus_eresimus	0	0	0	0	0	0	0	0	0	0	0	0	0.488024	0.511976	0	0	0	0	0	0	0	0	0	0	0	0	0	0	0	
Danaus_gilippus	0	0	0	0	0	0	0	0	0	0	0	0	0.48347	0.51653	0	0	0	0	0	0	0	0	0	0	0	0	0	0	0	
Danaus_genutia	0	0	0	0	0	0	0	0	0	0	0	0	0	1	0	0	0	0	0	0	0	0	0	0	0	0	0	0	0	
N13	6.12631e-34	7.04079e-30	6.14543e-26	3.44677e-22	1.21954e-18	2.66031e-15	3.46808e-12	2.58917e-09	1.04249e-06	0.000206924	0.0174159	0.449798	0.422841	0.103306	0.00627277	0.000156032	2.02034e-06	1.56437e-08	7.93837e-11	2.81893e-13	7.36056e-16	1.46911e-18	2.31234e-21	2.94446e-24	3.09858e-27	2.74383e-30	2.07823e-33	1.38542e-36	1.08978e-39	
Danaus_erippus	0	0	0	0	0	0	0	0	0	0	0	0	0	1	0	0	0	0	0	0	0	0	0	0	0	0	0	0	0	
Danaus_plexippus	0	0	0	0	0	0	0	0	0	0	0	1	0	0	0	0	0	0	0	0	0	0	0	0	0	0	0	0	0	
N14	1.3864e-45	2.39891e-41	3.59087e-37	3.68516e-33	2.55236e-29	1.18451e-25	3.64767e-22	7.35238e-19	9.51891e-16	7.71354e-13	3.77413e-10	1.05945e-07	1.58265e-05	0.00112111	0.0313688	0.265174	0.508135	0.168604	0.0243391	0.0012184	2.41479e-05	2.44218e-07	1.47897e-09	5.94257e-12	1.69967e-14	3.64501e-17	6.13539e-20	8.69382e-23	1.37438e-25	
Tirumala_hamata	0	0	0	0	0	0	0	0	0	0	0	0	0	0	0.0207027	0.128029	0.604254	0.197965	0.0468803	0.00216915	0	0	0	0	0	0	0	0	0	
Tirumala_septentrionis	0	0	0	0	0	0	0	0	0	0	0	0	0	0	0	0.439103	0.450513	0.110384	0	0	0	0	0	0	0	0	0	0	0	
N15	2.70137e-19	6.53019e-17	1.50459e-14	2.32386e-12	2.37219e-10	1.58572e-08	6.86197e-07	1.89576e-05	0.000329057	0.00352597	0.0229115	0.0888854	0.204045	0.278192	0.230063	0.1197	0.0409136	0.00959164	0.00160474	0.000198465	1.87101e-05	1.38087e-06	8.16509e-08	3.94669e-09	1.58717e-10	5.39619e-12	1.58097e-13	4.25816e-15	1.80361e-16	
N16	6.09758e-24	5.33279e-21	3.93757e-18	1.89325e-15	5.84375e-13	1.14019e-10	1.37858e-08	1.00726e-06	4.30952e-05	0.00103807	0.0134064	0.0874199	0.268191	0.35987	0.203452	0.0567334	0.00891538	0.000870441	5.67743e-05	2.61559e-06	8.89401e-08	2.31296e-09	4.73683e-11	7.82828e-13	1.06583e-14	1.21694e-16	1.18479e-18	1.02042e-20	1.23115e-22	
Euploea_corinna	0	0	0	0	0	0	0	0	0	0	0	0	0	1	0	0	0	0	0	0	0	0	0	0	0	0	0	0	0	
Euploea_mulciber	0	0	0	0	0	0	0	0	0	0	0	0	0.817297	0.182703	0	0	0	0	0	0	0	0	0	0	0	0	0	0	0	
Idea_leuconoe	0	0	0	0	0	0	0	0	0	0	0	0	0	1	0	0	0	0	0	0	0	0	0	0	0	0	0	0	0	
N17	3.17493e-20	8.26343e-18	2.05252e-15	3.44491e-13	3.85923e-11	2.86414e-09	1.39501e-07	4.40912e-06	8.92741e-05	0.00114192	0.00909759	0.0445657	0.132988	0.241163	0.268017	0.186622	0.0842415	0.0256405	0.00547169	0.000848724	9.88158e-05	8.88309e-06	6.31954e-07	3.63518e-08	1.7229e-09	6.84276e-11	2.32183e-12	7.19204e-14	3.55899e-15	
N18	1.01585e-27	1.35578e-24	1.53094e-21	1.15083e-18	5.69727e-16	1.83718e-13	3.80402e-11	4.96637e-09	3.99624e-07	1.92621e-05	0.000536477	0.00824056	0.0655941	0.24801	0.392278	0.220158	0.05656	0.00789324	0.000670859	3.76639e-05	1.48407e-06	4.30108e-08	9.51645e-10	1.65693e-11	2.32786e-13	2.69544e-15	2.62372e-17	2.24033e-19	2.6496e-21	
Anetia_briarea	0	0	0	0	0	0	0	0	0	0	0	0	0	0	1	0	0	0	0	0	0	0	0	0	0	0	0	0	0	
Anetia_pantheratus	0	0	0	0	0	0	0	0	0	0	0	0	0	0	1	0	0	0	0	0	0	0	0	0	0	0	0	0	0	
Lycorea_ilione	0	0	0	0	0	0	0	0	0	0	0	0	0	1	0	0	0	0	0	0	0	0	0	0	0	0	0	0	0	
Libythea_celtis	0	0	0	0	0	0	0	0	0	0	0	0	0	0	1	0	0	0	0	0	0	0	0	0	0	0	0	0	0	
