NODE	17	18	19	20	21	22	23	24	25	26	27	28	29	30	31	32	33	34	35	36	37	38	39	40	41	42	43	44	45	
N1	1.40981e-17	7.45049e-17	3.18842e-12	1.35953e-10	4.58625e-09	1.17748e-07	2.25577e-06	3.17748e-05	0.000324807	0.00238019	0.0123633	0.0450658	0.114331	0.200665	0.242839	0.202534	0.116701	0.0466975	0.0130746	0.00258565	0.00036511	3.72498e-05	2.78051e-06	1.53898e-07	6.41325e-09	2.05577e-10	5.29508e-12	1.25333e-13	2.04918e-17	
N2	1.40949e-17	1.04802e-16	3.18867e-12	1.35964e-10	4.58655e-09	1.17754e-07	2.25585e-06	3.17756e-05	0.000324813	0.00238022	0.0123634	0.0450659	0.114331	0.200665	0.242838	0.202533	0.116701	0.0466977	0.0130747	0.00258569	0.000365118	3.7251e-05	2.78063e-06	1.53906e-07	6.41372e-09	2.05595e-10	5.29559e-12	1.25341e-13	2.2058e-17	
Tellervo_zoilus	0	0	0	0	0	0	0	0	0	0	0	0	0	0	0	1	0	0	0	0	0	0	0	0	0	0	0	0	0	
N3	5.60948e-15	2.21959e-13	1.04283e-11	3.94201e-10	1.15862e-08	2.60959e-07	4.44112e-06	5.62838e-05	0.000523362	0.0035184	0.0168609	0.0568632	0.133514	0.216539	0.241535	0.185228	0.0980194	0.0360575	0.00931705	0.00171265	0.000227149	2.20641e-05	1.59358e-06	8.68669e-08	3.62583e-09	1.17503e-10	2.99907e-12	6.24156e-14	1.57838e-15	
N4	1.34678e-15	6.82717e-14	4.00327e-12	1.84562e-10	6.46049e-09	1.69194e-07	3.27004e-06	4.60016e-05	0.000464591	0.00332396	0.016639	0.0576406	0.136966	0.221874	0.244293	0.182899	0.0934685	0.0328297	0.0080008	0.00136848	0.000166399	1.45808e-05	9.33679e-07	4.43063e-08	1.57962e-09	4.28871e-11	9.00039e-13	1.51515e-14	2.99905e-16	
N5	9.44109e-13	1.81465e-11	4.42327e-10	9.11915e-09	1.51704e-07	2.01013e-06	2.10091e-05	0.000171586	0.00108519	0.00526908	0.0194864	0.0545157	0.114745	0.181036	0.21375	0.188974	0.125442	0.062814	0.0238767	0.00694144	0.00155636	0.000271535	3.72087e-05	4.04395e-06	3.52322e-07	2.49275e-08	1.46008e-09	7.39823e-11	4.41203e-12	
Amauris_tartarea	0	0	0	0	0	0	0	0	0	0	0	0	0	0	0	0	0	0	0	0	0.349194	0.490392	0.140187	0.0202273	0	0	0	0	0	
N6	2.55406e-11	6.09052e-10	1.67502e-08	3.63774e-07	5.89065e-06	6.95439e-05	0.000591351	0.00360964	0.0158495	0.0502434	0.115287	0.191531	0.229804	0.19808	0.121746	0.0529258	0.0161786	0.00348093	0.000532988	5.91275e-05	4.85079e-06	3.00347e-07	1.43042e-08	5.33108e-10	1.57914e-11	3.77125e-13	7.37537e-15	1.22883e-16	2.50174e-18	
Parantica_agleoides	0	0	0	0	0	0	0	0	0	0	0	0	0	0	0	0	1	0	0	0	0	0	0	0	0	0	0	0	0	
Parantica_melusine	0	0	0	0	0	1	0	0	0	0	0	0	0	0	0	0	0	0	0	0	0	0	0	0	0	0	0	0	0	
N7	6.06472e-15	2.51915e-13	1.21978e-11	4.75232e-10	1.42817e-08	3.25812e-07	5.56355e-06	7.01049e-05	0.000642601	0.00422523	0.0196676	0.0640539	0.144567	0.224582	0.239315	0.174966	0.0881058	0.0307784	0.00753371	0.00130779	0.000163192	1.48492e-05	9.9975e-07	5.05313e-08	1.9447e-09	5.77755e-11	1.34531e-12	2.55508e-14	5.8143e-16	
N8	1.39428e-13	3.46493e-12	1.0835e-10	2.82931e-09	5.91849e-08	9.77566e-07	1.25806e-05	0.000124403	0.000931634	0.00520708	0.0214146	0.0639711	0.137349	0.210428	0.22934	0.178021	0.0989245	0.0396834	0.011617	0.00251308	0.000407219	5.01207e-05	4.75131e-06	3.51637e-07	2.05823e-08	9.64875e-10	3.67678e-11	1.1925e-12	4.94516e-14	
N9	5.11136e-18	6.03818e-16	7.65854e-14	7.51456e-12	5.4969e-10	2.92347e-08	1.09939e-06	2.83091e-05	0.000481037	0.00517295	0.0336365	0.126358	0.264067	0.301034	0.187897	0.065934	0.0135434	0.00170288	0.000136832	7.30611e-06	2.68311e-07	6.98432e-09	1.32307e-10	1.86655e-12	2.00143e-14	1.661e-16	1.08579e-18	5.77268e-21	3.38117e-23	
N10	1.302e-19	2.5113e-17	4.9218e-15	7.24409e-13	7.77219e-11	5.91842e-09	3.10283e-07	1.08157e-05	0.000240899	0.00327889	0.0259839	0.114123	0.265826	0.318817	0.195955	0.0633047	0.0112333	0.00115147	7.16389e-05	2.83062e-06	7.39539e-08	1.32361e-09	1.67388e-11	1.53675e-13	1.04885e-15	5.43403e-18	2.17726e-20	6.89333e-23	2.30892e-25	
N11	2.78564e-19	4.25049e-17	6.85651e-15	8.54301e-13	7.9884e-11	5.46583e-09	2.65756e-07	8.87303e-06	0.000195448	0.00271088	0.0224451	0.104611	0.258874	0.325241	0.205413	0.0671865	0.0119927	0.00123923	7.8456e-05	3.20198e-06	8.80493e-08	1.69442e-09	2.35722e-11	2.43752e-13	1.91895e-15	1.17422e-17	5.68727e-20	2.22888e-22	9.59456e-25	
Danaus_chrysippus	0	0	0	0	0	0	0	0	0	0	0	0	0	0.5315	0.4685	0	0	0	0	0	0	0	0	0	0	0	0	0	0	
N12	7.37207e-40	9.74819e-36	1.1478e-31	1.02373e-27	6.7236e-24	3.15857e-20	1.02372e-16	2.18572e-13	2.89129e-10	2.17514e-07	8.17984e-05	0.0123341	0.46246	0.509393	0.0156119	0.000118561	3.60175e-07	5.45532e-10	4.68751e-13	2.49047e-16	8.70559e-20	2.09863e-23	3.6202e-27	4.60346e-31	4.42126e-35	3.27249e-39	1.89879e-43	8.79267e-48	3.75765e-52	
Danaus_eresimus	0	0	0	0	0	0	0	0	0	0	0	0	0.480916	0.519084	0	0	0	0	0	0	0	0	0	0	0	0	0	0	0	
Danaus_gilippus	0	0	0	0	0	0	0	0	0	0	0	0	0.478522	0.521478	0	0	0	0	0	0	0	0	0	0	0	0	0	0	0	
Danaus_genutia	0	0	0	0	0	0	0	0	0	0	0	0	0	1	0	0	0	0	0	0	0	0	0	0	0	0	0	0	0	
N13	2.20752e-28	3.37756e-25	4.93197e-22	5.54276e-19	4.64549e-16	2.81672e-13	1.19006e-10	3.33827e-08	5.8244e-06	0.000574974	0.0275088	0.461383	0.405394	0.0984799	0.00647834	0.000172389	2.30105e-06	1.75122e-08	8.27734e-11	2.58495e-13	5.59198e-16	8.70051e-19	1.00392e-21	8.81248e-25	6.0132e-28	3.24885e-31	1.41254e-34	5.04203e-38	1.79972e-41	
Danaus_erippus	0	0	0	0	0	0	0	0	0	0	0	0	0	1	0	0	0	0	0	0	0	0	0	0	0	0	0	0	0	
Danaus_plexippus	0	0	0	0	0	0	0	0	0	0	0	1	0	0	0	0	0	0	0	0	0	0	0	0	0	0	0	0	0	
N14	4.24322e-40	1.17682e-36	3.20582e-33	7.22279e-30	1.29861e-26	1.82855e-23	1.97954e-20	1.61236e-17	9.62266e-15	4.06989e-12	1.16828e-09	2.14752e-07	2.32935e-05	0.00132095	0.0324924	0.263944	0.510298	0.16763	0.0232212	0.00105222	1.75663e-05	1.40545e-07	6.34522e-10	1.79339e-12	3.40592e-15	4.57517e-18	4.52879e-21	3.47207e-24	2.55341e-27	
Tirumala_hamata	0	0	0	0	0	0	0	0	0	0	0	0	0	0	0.0208758	0.128136	0.608905	0.196238	0.0439958	0.00184805	0	0	0	0	0	0	0	0	0	
Tirumala_septentrionis	0	0	0	0	0	0	0	0	0	0	0	0	0	0	0	0.438716	0.451949	0.109335	0	0	0	0	0	0	0	0	0	0	0	
N15	1.77844e-14	6.60619e-13	2.95548e-11	1.07879e-09	3.09022e-08	6.82377e-07	1.14063e-05	0.000141463	0.00127323	0.00811886	0.0357595	0.10607	0.207144	0.262156	0.214058	0.113762	0.0400954	0.00959914	0.00160139	0.000190873	1.66401e-05	1.08411e-06	5.38248e-08	2.07273e-09	6.29027e-11	1.52634e-12	3.0049e-14	4.96844e-16	1.00734e-17	
N16	1.13225e-18	1.33796e-16	1.72979e-14	1.76209e-12	1.37142e-10	7.97264e-09	3.37376e-07	1.00805e-05	0.000205081	0.00271904	0.0222752	0.105684	0.268829	0.336845	0.195447	0.0575202	0.00946211	0.000940401	6.0003e-05	2.57935e-06	7.76833e-08	1.69319e-09	2.74472e-11	3.38705e-13	3.24642e-15	2.45954e-17	1.49622e-19	7.47801e-22	4.17457e-24	
Euploea_corinna	0	0	0	0	0	0	0	0	0	0	0	0	0	1	0	0	0	0	0	0	0	0	0	0	0	0	0	0	0	
Euploea_mulciber	0	0	0	0	0	0	0	0	0	0	0	0	0.813518	0.186482	0	0	0	0	0	0	0	0	0	0	0	0	0	0	0	
Idea_leuconoe	0	0	0	0	0	0	0	0	0	0	0	0	0	1	0	0	0	0	0	0	0	0	0	0	0	0	0	0	0	
N17	2.99806e-15	1.1749e-13	5.57143e-12	2.17038e-10	6.69505e-09	1.60918e-07	2.96502e-06	4.11436e-05	0.000421686	0.00312573	0.0163868	0.0593838	0.145498	0.236482	0.251809	0.175273	0.0805261	0.0248764	0.00528784	0.00079245	8.57392e-05	6.84822e-06	4.12159e-07	1.9043e-08	6.8694e-10	1.9646e-11	4.52246e-13	8.67893e-15	2.05927e-16	
N18	3.09222e-22	5.58655e-20	1.09687e-17	1.73143e-15	2.13745e-13	2.02521e-11	1.44209e-09	7.53064e-08	2.80156e-06	7.17067e-05	0.00120977	0.0127443	0.0780959	0.252663	0.375708	0.214406	0.0564935	0.00791781	0.000651689	3.38612e-05	1.17357e-06	2.83343e-08	4.93582e-10	6.38629e-12	6.2889e-14	4.81254e-16	2.9151e-18	1.43543e-20	7.82326e-23	
Anetia_briarea	0	0	0	0	0	0	0	0	0	0	0	0	0	0	1	0	0	0	0	0	0	0	0	0	0	0	0	0	0	
Anetia_pantheratus	0	0	0	0	0	0	0	0	0	0	0	0	0	0	1	0	0	0	0	0	0	0	0	0	0	0	0	0	0	
Lycorea_ilione	0	0	0	0	0	0	0	0	0	0	0	0	0	1	0	0	0	0	0	0	0	0	0	0	0	0	0	0	0	
Libythea_celtis	0	0	0	0	0	0	0	0	0	0	0	0	0	0	1	0	0	0	0	0	0	0	0	0	0	0	0	0	0	
