NODE	17	18	19	20	21	22	23	24	25	26	27	28	29	30	31	32	33	34	35	36	37	38	39	40	41	42	43	44	45	
N1	2.02499e-18	1.27173e-17	1.32168e-13	8.03099e-12	3.76311e-10	1.30833e-08	3.31571e-07	6.05262e-06	7.88059e-05	0.00072565	0.00469159	0.0211783	0.0665016	0.145046	0.21996	0.232734	0.172828	0.0907983	0.034079	0.00923949	0.00183138	0.000268769	2.95933e-05	2.4796e-06	1.60783e-07	8.27055e-09	3.55007e-10	1.47084e-11	1.06317e-12	
N2	2.0245e-18	1.37858e-17	1.3219e-13	8.03223e-12	3.76359e-10	1.30846e-08	3.31597e-07	6.05298e-06	7.88093e-05	0.000725673	0.00469168	0.0211786	0.066502	0.145047	0.21996	0.232734	0.172827	0.0907982	0.034079	0.00923952	0.0018314	0.000268773	2.9594e-05	2.47969e-06	1.6079e-07	8.271e-09	3.55028e-10	1.4709e-11	1.06315e-12	
Tellervo_zoilus	0	0	0	0	0	0	0	0	0	0	0	0	0	0	0	1	0	0	0	0	0	0	0	0	0	0	0	0	0	
N3	4.45073e-16	2.29589e-14	1.37888e-12	6.51041e-11	2.34516e-09	6.36479e-08	1.28596e-06	1.91082e-05	0.00020632	0.00160025	0.00882302	0.0342769	0.0932216	0.176845	0.233939	0.21649	0.141072	0.0653483	0.0217743	0.00528958	0.000950499	0.000128238	1.31855e-05	1.04844e-06	6.5384e-08	3.24192e-09	1.29797e-10	4.39998e-12	1.9544e-13	
N4	1.1638e-16	7.80795e-15	5.89899e-13	3.41176e-11	1.46523e-09	4.61486e-08	1.05395e-06	1.72614e-05	0.0002006	0.00163817	0.00932186	0.0367194	0.0996916	0.18624	0.239713	0.213476	0.132462	0.0578114	0.0179492	0.00401537	0.000656107	7.94148e-05	7.22189e-06	5.00368e-07	2.67762e-08	1.12185e-09	3.74167e-11	1.04391e-12	3.72309e-14	
N5	2.34155e-13	5.31215e-12	1.52269e-10	3.61431e-09	6.79687e-08	1.00175e-06	1.14834e-05	0.000101669	0.000690722	0.00358011	0.0140883	0.0419368	0.0942205	0.159693	0.20446	0.198395	0.146644	0.0831182	0.0364145	0.0124406	0.00334592	0.000715458	0.000122879	1.71323e-05	1.96185e-06	1.87129e-07	1.51723e-08	1.09695e-09	9.77085e-11	
Amauris_tartarea	0	0	0	0	0	0	0	0	0	0	0	0	0	0	0	0	0	0	0	0	0.33526	0.492829	0.148949	0.0229616	0	0	0	0	0	
N6	9.9381e-12	2.76521e-10	8.81985e-09	2.16776e-07	3.88515e-06	4.978e-05	0.000451977	0.00290956	0.0133572	0.0440346	0.104829	0.180781	0.225976	0.204395	0.133353	0.0625646	0.0210995	0.00514234	0.000917315	0.000121909	1.23091e-05	9.62735e-07	5.93968e-08	2.93909e-09	1.18424e-10	3.94199e-12	1.10351e-13	2.72968e-15	8.71711e-17	
Parantica_agleoides	0	0	0	0	0	0	0	0	0	0	0	0	0	0	0	0	1	0	0	0	0	0	0	0	0	0	0	0	0	
Parantica_melusine	0	0	0	0	0	1	0	0	0	0	0	0	0	0	0	0	0	0	0	0	0	0	0	0	0	0	0	0	0	
N7	7.06131e-16	3.7215e-14	2.25173e-12	1.07106e-10	3.85144e-09	1.0327e-07	2.04045e-06	2.93645e-05	0.000304337	0.00224771	0.0117201	0.0428202	0.10905	0.193108	0.237936	0.20477	0.123935	0.0532548	0.0164356	0.00369114	0.000611761	7.5917e-05	7.15717e-06	5.19983e-07	2.95188e-08	1.32744e-09	4.80919e-11	1.47923e-12	5.8784e-14	
N8	3.71781e-14	1.09638e-12	4.036e-11	1.21272e-09	2.86305e-08	5.24492e-07	7.3718e-06	7.85754e-05	0.000627746	0.00371628	0.0161326	0.0509056	0.11604	0.190549	0.225619	0.193526	0.121207	0.0560114	0.0193338	0.00505205	0.00101342	0.000158266	1.95092e-05	1.92362e-06	1.53657e-07	1.00704e-08	5.5084e-10	2.66883e-11	1.75336e-12	
N9	1.28866e-18	1.87901e-16	2.88106e-14	3.32986e-12	2.80251e-10	1.67757e-08	6.95781e-07	1.94064e-05	0.000351875	0.00399472	0.0272916	0.108061	0.241041	0.299692	0.209854	0.0852169	0.0208943	0.00323077	0.000328454	2.28014e-05	1.11766e-06	3.98353e-08	1.05927e-09	2.14951e-11	3.39572e-13	4.25215e-15	4.30018e-17	3.65396e-19	3.63293e-21	
N10	3.14243e-20	7.64712e-18	1.83385e-15	3.21339e-13	4.00048e-11	3.44962e-09	2.00193e-07	7.56825e-06	0.000179696	0.00257434	0.0213344	0.0981807	0.24258	0.315862	0.217665	0.0817237	0.0174706	0.00223295	0.000178935	9.38996e-06	3.35445e-07	8.44068e-09	1.54136e-10	2.09688e-12	2.17457e-14	1.75437e-16	1.12133e-18	5.81639e-21	3.38664e-23	
N11	9.66474e-20	1.78968e-17	3.41712e-15	4.91306e-13	5.17621e-11	3.90069e-09	2.04481e-07	7.21984e-06	0.000165403	0.00235571	0.0198821	0.0945092	0.2412	0.319985	0.220654	0.0817663	0.0171436	0.00215192	0.000170684	8.97987e-06	3.26918e-07	8.54179e-09	1.65279e-10	2.43314e-12	2.78946e-14	2.54138e-16	1.87326e-18	1.14473e-20	8.11683e-23	
Danaus_chrysippus	0	0	0	0	0	0	0	0	0	0	0	0	0	0.532801	0.467199	0	0	0	0	0	0	0	0	0	0	0	0	0	0	
N12	2.77237e-40	4.52668e-36	6.41274e-32	6.7031e-28	5.031e-24	2.63552e-20	9.30221e-17	2.11423e-13	2.91366e-10	2.23825e-07	8.44026e-05	0.012564	0.459944	0.509157	0.0180848	0.000164564	6.15466e-07	1.1773e-09	1.30948e-12	9.22477e-16	4.37692e-19	1.46542e-22	3.59083e-26	6.63136e-30	9.45405e-34	1.06146e-37	9.54613e-42	7.0159e-46	4.97304e-50	
Danaus_eresimus	0	0	0	0	0	0	0	0	0	0	0	0	0.485413	0.514587	0	0	0	0	0	0	0	0	0	0	0	0	0	0	0	
Danaus_gilippus	0	0	0	0	0	0	0	0	0	0	0	0	0.480905	0.519095	0	0	0	0	0	0	0	0	0	0	0	0	0	0	0	
Danaus_genutia	0	0	0	0	0	0	0	0	0	0	0	0	0	1	0	0	0	0	0	0	0	0	0	0	0	0	0	0	0	
N13	8.03237e-29	1.50777e-25	2.63455e-22	3.4524e-19	3.29202e-16	2.21761e-13	1.01738e-10	3.03198e-08	5.50609e-06	0.000555234	0.0266957	0.444684	0.411955	0.107724	0.00811916	0.000256143	4.16659e-06	3.96375e-08	2.39973e-10	9.82956e-13	2.85453e-15	6.09928e-18	9.88342e-21	1.24552e-23	1.24696e-26	1.01002e-29	6.72771e-33	3.7725e-36	2.22622e-39	
Danaus_erippus	0	0	0	0	0	0	0	0	0	0	0	0	0	1	0	0	0	0	0	0	0	0	0	0	0	0	0	0	0	
Danaus_plexippus	0	0	0	0	0	0	0	0	0	0	0	1	0	0	0	0	0	0	0	0	0	0	0	0	0	0	0	0	0	
N14	1.8993e-40	6.17193e-37	1.95994e-33	5.05167e-30	1.01979e-26	1.58311e-23	1.85575e-20	1.60785e-17	1.00304e-14	4.35966e-12	1.26517e-09	2.31507e-07	2.46533e-05	0.00135778	0.0323002	0.256468	0.502689	0.178275	0.0273848	0.00146911	3.09901e-05	3.25773e-07	1.99025e-09	7.81019e-12	2.10994e-14	4.13e-17	6.11327e-20	7.23782e-23	8.54175e-26	
Tirumala_hamata	0	0	0	0	0	0	0	0	0	0	0	0	0	0	0.0208467	0.124389	0.601345	0.202489	0.0486904	0.00224012	0	0	0	0	0	0	0	0	0	
Tirumala_septentrionis	0	0	0	0	0	0	0	0	0	0	0	0	0	0	0	0.443806	0.446411	0.109784	0	0	0	0	0	0	0	0	0	0	0	
N15	5.20305e-15	2.31133e-13	1.22128e-11	5.14021e-10	1.66272e-08	4.06764e-07	7.40386e-06	9.84979e-05	0.000939434	0.00629348	0.0290039	0.0901603	0.186048	0.252603	0.225987	0.134871	0.0547934	0.0155246	0.00314579	0.000467163	5.20184e-05	4.43497e-06	2.95073e-07	1.55861e-08	6.63854e-10	2.313e-11	6.69852e-13	1.6867e-14	5.55777e-16	
N16	3.80078e-19	5.46107e-17	8.39159e-15	9.90165e-13	8.71832e-11	5.6072e-09	2.57067e-07	8.16378e-06	0.000173595	0.00237341	0.0198737	0.0961803	0.251604	0.331842	0.211512	0.0709262	0.0137185	0.00164962	0.000130824	7.17271e-06	2.825e-07	8.25075e-09	1.8354e-10	3.18164e-12	4.38346e-14	4.88324e-16	4.46926e-18	3.45699e-20	3.2003e-22	
Euploea_corinna	0	0	0	0	0	0	0	0	0	0	0	0	0	1	0	0	0	0	0	0	0	0	0	0	0	0	0	0	0	
Euploea_mulciber	0	0	0	0	0	0	0	0	0	0	0	0	0.816329	0.183671	0	0	0	0	0	0	0	0	0	0	0	0	0	0	0	
Idea_leuconoe	0	0	0	0	0	0	0	0	0	0	0	0	0	1	0	0	0	0	0	0	0	0	0	0	0	0	0	0	0	
N17	7.0614e-16	3.35187e-14	1.89916e-12	8.6332e-11	3.04493e-09	8.21344e-08	1.67007e-06	2.52007e-05	0.000277494	0.00219041	0.0121694	0.0467358	0.122062	0.214105	0.25072	0.196602	0.104532	0.0384213	0.00998699	0.00187962	0.000262069	2.76559e-05	2.25302e-06	1.44267e-07	7.38073e-09	3.06267e-10	1.0477e-11	3.09524e-13	1.21092e-14	
N18	9.6423e-23	2.133e-20	5.01408e-18	9.2377e-16	1.30037e-13	1.37416e-11	1.06872e-09	5.97757e-08	2.33998e-06	6.20543e-05	0.00107124	0.0114506	0.0710301	0.234359	0.364657	0.232436	0.0714918	0.0121106	0.00124176	8.26311e-05	3.76432e-06	1.22469e-07	2.94479e-09	5.38401e-11	7.66601e-13	8.6765e-15	7.95402e-17	6.1035e-19	5.54378e-21	
Anetia_briarea	0	0	0	0	0	0	0	0	0	0	0	0	0	0	1	0	0	0	0	0	0	0	0	0	0	0	0	0	0	
Anetia_pantheratus	0	0	0	0	0	0	0	0	0	0	0	0	0	0	1	0	0	0	0	0	0	0	0	0	0	0	0	0	0	
Lycorea_ilione	0	0	0	0	0	0	0	0	0	0	0	0	0	1	0	0	0	0	0	0	0	0	0	0	0	0	0	0	0	
Libythea_celtis	0	0	0	0	0	0	0	0	0	0	0	0	0	0	1	0	0	0	0	0	0	0	0	0	0	0	0	0	0	
