NODE	17	18	19	20	21	22	23	24	25	26	27	28	29	30	31	32	33	34	35	36	37	38	39	40	41	42	43	44	45	
N1	8.20282e-22	2.03568e-20	6.29879e-19	1.53186e-17	1.04199e-12	1.87686e-10	1.8641e-08	1.02805e-06	3.17318e-05	0.000553139	0.00550499	0.031701	0.107371	0.218094	0.271639	0.212569	0.107221	0.0357781	0.00810337	0.00127712	0.000143442	1.17473e-05	7.17486e-07	3.34717e-08	1.2285e-09	3.71518e-11	1.01458e-12	4.81012e-17	1.28564e-17	
N2	8.20062e-22	2.03489e-20	6.29662e-19	1.93146e-17	1.04258e-12	1.87757e-10	1.86457e-08	1.02822e-06	3.1735e-05	0.000553172	0.00550517	0.0317015	0.107371	0.218093	0.271638	0.212569	0.107221	0.0357786	0.0081036	0.00127719	0.000143453	1.17486e-05	7.17593e-07	3.34782e-08	1.2288e-09	3.71623e-11	1.01486e-12	6.78015e-17	1.28545e-17	
Tellervo_zoilus	0	0	0	0	0	0	0	0	0	0	0	0	0	0	0	1	0	0	0	0	0	0	0	0	0	0	0	0	0	
N3	6.37896e-20	1.81224e-17	4.69415e-15	7.97565e-13	8.78603e-11	6.2305e-09	2.82129e-07	8.08868e-06	0.000145645	0.0016362	0.0114245	0.0495956	0.134614	0.231089	0.255269	0.185474	0.0909015	0.0308683	0.00746205	0.0013183	0.000174486	1.77051e-05	1.40666e-06	8.91999e-08	4.5939e-09	1.95266e-10	6.98086e-12	2.24507e-13	1.15526e-14	
N4	6.02613e-21	2.77762e-18	1.07458e-15	2.58843e-13	3.84022e-11	3.48761e-09	1.92718e-07	6.44479e-06	0.000129929	0.00157689	0.0115441	0.051295	0.139868	0.237759	0.257061	0.180943	0.0850496	0.0274038	0.00621242	0.0010161	0.000122789	1.12086e-05	7.88886e-07	4.36238e-08	1.92855e-09	6.93132e-11	2.06928e-12	5.50858e-14	2.27415e-15	
N5	2.23922e-16	2.07146e-14	2.01598e-12	1.35353e-10	6.1692e-09	1.90855e-07	4.01113e-06	5.73594e-05	0.000559537	0.00373777	0.0171927	0.0548656	0.122685	0.194637	0.222342	0.18594	0.115865	0.0547754	0.0199987	0.00573692	0.00131453	0.000244413	3.74473e-05	4.80259e-06	5.24591e-07	4.98577e-08	4.24993e-09	3.48052e-10	4.1569e-11	
Amauris_tartarea	0	0	0	0	0	0	0	0	0	0	0	0	0	0	0	0	0	0	0	0	0.308966	0.49553	0.166438	0.0290664	0	0	0	0	0	
N6	2.25506e-14	2.57622e-12	2.79361e-10	1.89899e-08	7.77845e-07	1.8856e-05	0.000271029	0.00238924	0.0134112	0.0494232	0.122316	0.206575	0.240709	0.194986	0.110441	0.0440146	0.0124632	0.00254811	0.000384843	4.40649e-05	3.92474e-06	2.78452e-07	1.60742e-08	7.69286e-10	3.10376e-11	1.07284e-12	3.25004e-14	9.3061e-16	4.21117e-17	
Parantica_agleoides	0	0	0	0	0	0	0	0	0	0	0	0	0	0	0	0	1	0	0	0	0	0	0	0	0	0	0	0	0	
Parantica_melusine	0	0	0	0	0	1	0	0	0	0	0	0	0	0	0	0	0	0	0	0	0	0	0	0	0	0	0	0	0	
N7	8.7602e-20	2.56329e-17	6.89041e-15	1.20241e-12	1.33946e-10	9.45834e-09	4.20309e-07	1.1671e-05	0.00020127	0.00214693	0.0141525	0.0578482	0.147852	0.239541	0.250599	0.173116	0.0809557	0.0263033	0.00609429	0.00103258	0.000131024	1.27296e-05	9.66417e-07	5.84096e-08	2.85881e-09	1.15194e-10	3.90876e-12	1.20943e-13	5.84348e-15	
N8	1.66616e-17	2.13731e-15	2.79664e-13	2.51313e-11	1.53014e-09	6.28605e-08	1.73387e-06	3.19345e-05	0.000390622	0.0031592	0.0168558	0.0594099	0.139193	0.219342	0.236418	0.17792	0.0956355	0.0375892	0.0110575	0.00248941	0.000438033	6.14241e-05	6.98781e-06	6.5552e-07	5.14762e-08	3.43594e-09	1.99807e-10	1.11308e-11	1.03726e-12	
N9	7.26932e-23	5.89548e-20	4.02203e-17	1.74496e-14	4.72507e-12	7.84497e-10	7.81038e-08	4.53724e-06	0.000148856	0.00265635	0.0247726	0.116477	0.270895	0.315172	0.19109	0.0642257	0.0128024	0.0016121	0.000135493	7.96457e-06	3.40593e-07	1.09546e-08	2.72605e-10	5.37726e-12	8.58596e-14	1.13085e-15	1.25501e-17	1.24142e-19	1.7124e-21	
N10	6.3967e-25	1.00439e-21	1.2098e-18	8.97627e-16	4.02694e-13	1.0691e-10	1.6361e-08	1.39876e-06	6.4421e-05	0.00153498	0.0181465	0.102524	0.270431	0.333824	0.199769	0.0618494	0.0106757	0.00110315	7.26626e-05	3.21891e-06	1.00347e-07	2.28725e-09	3.93754e-11	5.26314e-13	5.5934e-15	4.82428e-17	3.4396e-19	2.0895e-21	1.67821e-23	
N11	5.33685e-24	5.27507e-21	4.28237e-18	2.23912e-15	7.42003e-13	1.52947e-10	1.91488e-08	1.41371e-06	5.93707e-05	0.00135907	0.0161545	0.0947691	0.262651	0.337872	0.208189	0.0659457	0.011663	0.00124543	8.59536e-05	4.05948e-06	1.37579e-07	3.48035e-09	6.79129e-11	1.05081e-12	1.31972e-14	1.37242e-16	1.203e-18	9.17702e-21	9.67028e-23	
Danaus_chrysippus	0	0	0	0	0	0	0	0	0	0	0	0	0	0.536529	0.463471	0	0	0	0	0	0	0	0	0	0	0	0	0	0	
N12	5.4032e-45	4.7617e-40	3.01257e-35	1.2072e-30	3.01313e-26	4.58406e-22	4.12702e-18	2.11201e-14	5.81084e-11	7.93423e-08	4.75265e-05	0.0100738	0.469233	0.505702	0.0148303	0.000112656	3.61412e-07	6.13746e-10	6.29921e-13	4.267e-16	2.03152e-19	7.12639e-23	1.9105e-26	4.02958e-30	6.8455e-34	9.54882e-38	1.11189e-41	1.10702e-45	1.17935e-49	
Danaus_eresimus	0	0	0	0	0	0	0	0	0	0	0	0	0.488556	0.511444	0	0	0	0	0	0	0	0	0	0	0	0	0	0	0	
Danaus_gilippus	0	0	0	0	0	0	0	0	0	0	0	0	0.485069	0.514931	0	0	0	0	0	0	0	0	0	0	0	0	0	0	0	
Danaus_genutia	0	0	0	0	0	0	0	0	0	0	0	0	0	1	0	0	0	0	0	0	0	0	0	0	0	0	0	0	0	
N13	3.17212e-33	3.10647e-29	2.32263e-25	1.11676e-21	3.38991e-18	6.35074e-15	7.12077e-12	4.58191e-09	1.59462e-06	0.000274682	0.0201769	0.458884	0.41484	0.0994183	0.00623975	0.000163236	2.2453e-06	1.86026e-08	1.01579e-10	3.89912e-13	1.10463e-15	2.3995e-18	4.12091e-21	5.73795e-24	6.61486e-27	6.427e-30	5.34942e-33	3.93044e-36	3.45474e-39	
Danaus_erippus	0	0	0	0	0	0	0	0	0	0	0	0	0	1	0	0	0	0	0	0	0	0	0	0	0	0	0	0	0	
Danaus_plexippus	0	0	0	0	0	0	0	0	0	0	0	1	0	0	0	0	0	0	0	0	0	0	0	0	0	0	0	0	0	
N14	8.84054e-45	1.33688e-40	1.72119e-36	1.52436e-32	9.13345e-29	3.67643e-25	9.84898e-22	1.73283e-18	1.96569e-15	1.40161e-12	6.06337e-10	1.51321e-07	2.02344e-05	0.00129545	0.0333084	0.267083	0.501752	0.169959	0.025231	0.00132272	2.78789e-05	3.02116e-07	1.96946e-09	8.54625e-12	2.64675e-14	6.16065e-17	1.1288e-19	1.75007e-22	3.0594e-25	
Tirumala_hamata	0	0	0	0	0	0	0	0	0	0	0	0	0	0	0.020894	0.126093	0.600352	0.201109	0.0491865	0.00236532	0	0	0	0	0	0	0	0	0	
Tirumala_septentrionis	0	0	0	0	0	0	0	0	0	0	0	0	0	0	0	0.440184	0.44829	0.111526	0	0	0	0	0	0	0	0	0	0	0	
N15	1.53298e-18	3.10177e-16	6.04802e-14	7.92964e-12	6.88945e-10	3.93312e-08	1.4601e-06	3.48102e-05	0.00052546	0.00494607	0.0286012	0.100375	0.212623	0.273541	0.218315	0.111849	0.0382861	0.00911388	0.00156585	0.000200719	1.97638e-05	1.53331e-06	9.58244e-08	4.91812e-09	2.1085e-10	7.66959e-12	2.41329e-13	7.03763e-15	3.30415e-16	
N16	3.40588e-23	2.50958e-20	1.57489e-17	6.4467e-15	1.69702e-12	2.83067e-10	2.93571e-08	1.8483e-06	6.85686e-05	0.00144451	0.0165107	0.0968848	0.273804	0.349572	0.196064	0.0556223	0.00903736	0.000922782	6.34923e-05	3.1067e-06	1.12816e-07	3.14738e-09	6.94092e-11	1.23917e-12	1.82758e-14	2.26574e-16	2.40069e-18	2.26044e-20	3.04763e-22	
Euploea_corinna	0	0	0	0	0	0	0	0	0	0	0	0	0	1	0	0	0	0	0	0	0	0	0	0	0	0	0	0	0	
Euploea_mulciber	0	0	0	0	0	0	0	0	0	0	0	0	0.817574	0.182426	0	0	0	0	0	0	0	0	0	0	0	0	0	0	0	
Idea_leuconoe	0	0	0	0	0	0	0	0	0	0	0	0	0	1	0	0	0	0	0	0	0	0	0	0	0	0	0	0	0	
N17	2.11941e-19	4.59556e-17	9.61453e-15	1.36265e-12	1.29179e-10	8.1358e-09	3.37559e-07	9.13461e-06	0.000159415	0.00177286	0.0124175	0.0542293	0.146735	0.246083	0.258395	0.173644	0.0771056	0.0234623	0.00507305	0.000806161	9.70447e-05	9.08916e-06	6.78042e-07	4.1123e-08	2.06462e-09	8.72217e-11	3.16153e-12	1.05531e-13	5.76424e-15	
N18	6.93535e-27	7.78882e-24	7.46252e-21	4.7665e-18	2.00774e-15	5.51904e-13	9.76656e-11	1.09353e-08	7.58097e-07	3.16722e-05	0.000770614	0.0104477	0.0744167	0.256653	0.381398	0.212073	0.0554471	0.00800586	0.000712077	4.21935e-05	1.76628e-06	5.46712e-08	1.29752e-09	2.43204e-11	3.68959e-13	4.6255e-15	4.88739e-17	4.55269e-19	6.00005e-21	
Anetia_briarea	0	0	0	0	0	0	0	0	0	0	0	0	0	0	1	0	0	0	0	0	0	0	0	0	0	0	0	0	0	
Anetia_pantheratus	0	0	0	0	0	0	0	0	0	0	0	0	0	0	1	0	0	0	0	0	0	0	0	0	0	0	0	0	0	
Lycorea_ilione	0	0	0	0	0	0	0	0	0	0	0	0	0	1	0	0	0	0	0	0	0	0	0	0	0	0	0	0	0	
Libythea_celtis	0	0	0	0	0	0	0	0	0	0	0	0	0	0	1	0	0	0	0	0	0	0	0	0	0	0	0	0	0	
