NODE	17	18	19	20	21	22	23	24	25	26	27	28	29	30	31	32	33	34	35	36	37	38	39	40	41	42	43	44	45	
N1	4.99764e-23	1.47993e-21	5.60268e-20	1.67135e-18	3.71328e-17	5.01251e-12	7.47303e-10	6.17522e-08	2.84846e-06	7.39338e-05	0.0010902	0.00924157	0.0457059	0.134267	0.239248	0.264738	0.186559	0.0859296	0.0265519	0.00564564	0.00084649	9.16265e-05	7.32603e-06	4.43088e-07	2.08534e-08	7.9686e-10	2.68665e-11	9.84501e-13	7.61636e-17	
N2	4.9968e-23	1.47941e-21	5.60068e-20	1.67086e-18	5.94123e-17	5.01529e-12	7.47583e-10	6.17677e-08	2.84893e-06	7.39416e-05	0.00109027	0.00924191	0.0457067	0.134268	0.239248	0.264737	0.186558	0.0859296	0.0265521	0.00564576	0.000846523	9.16321e-05	7.32668e-06	4.43142e-07	2.08567e-08	7.97012e-10	2.68719e-11	9.84638e-13	1.02891e-16	
Tellervo_zoilus	0	0	0	0	0	0	0	0	0	0	0	0	0	0	0	1	0	0	0	0	0	0	0	0	0	0	0	0	0	
N3	1.74462e-21	6.20228e-19	2.01927e-16	4.33775e-14	6.08263e-12	5.529e-10	3.23162e-08	1.20391e-06	2.83373e-05	0.000418138	0.00384615	0.0220068	0.0785371	0.176289	0.252473	0.235256	0.146026	0.0619669	0.0184669	0.00396891	0.000631016	7.60064e-05	7.08999e-06	5.22571e-07	3.09941e-08	1.50451e-09	6.09628e-11	2.20522e-12	1.23234e-13	
N4	1.63213e-22	9.56965e-20	4.71802e-17	1.45588e-14	2.78276e-12	3.27353e-10	2.35436e-08	1.02883e-06	2.71791e-05	0.000432771	0.00415377	0.0241283	0.085556	0.187699	0.259417	0.230853	0.135548	0.0538882	0.0148897	0.00293335	0.000422203	4.54256e-05	3.73191e-06	2.38739e-07	1.211e-08	4.95639e-10	1.67327e-11	4.99831e-13	2.24307e-14	
N5	2.24575e-17	2.41028e-15	2.75232e-13	2.17159e-11	1.16542e-09	4.25329e-08	1.05633e-06	1.7875e-05	0.000206521	0.00163422	0.00889697	0.0335326	0.0882326	0.163842	0.21758	0.20985	0.149502	0.0800828	0.0328356	0.0104875	0.00265376	0.000540688	9.01083e-05	1.24793e-05	1.46095e-06	1.47569e-07	1.32353e-08	1.12588e-09	1.35284e-10	
Amauris_tartarea	0	0	0	0	0	0	0	0	0	0	0	0	0	0	0	0	0	0	0	0	0.314091	0.494905	0.163094	0.0279101	0	0	0	0	0	
N6	5.16429e-15	6.71678e-13	8.37063e-11	6.52811e-09	3.05899e-07	8.44311e-06	0.000137354	0.00136444	0.00860439	0.0355394	0.0983518	0.185246	0.239952	0.215194	0.134264	0.0585861	0.0180383	0.00398133	0.000644762	7.86858e-05	7.43025e-06	5.563e-07	3.37488e-08	1.69118e-09	7.12103e-11	2.56156e-12	8.05393e-14	2.37767e-15	1.06349e-16	
Parantica_agleoides	0	0	0	0	0	0	0	0	0	0	0	0	0	0	0	0	1	0	0	0	0	0	0	0	0	0	0	0	0	
Parantica_melusine	0	0	0	0	0	1	0	0	0	0	0	0	0	0	0	0	0	0	0	0	0	0	0	0	0	0	0	0	0	
N7	3.60793e-21	1.29137e-18	4.2859e-16	9.27868e-14	1.2894e-11	1.14212e-09	6.40086e-08	2.25261e-06	4.94358e-05	0.000672954	0.0056672	0.0295591	0.0960507	0.19661	0.257647	0.220629	0.126412	0.0497123	0.0137714	0.00275694	0.000408719	4.59109e-05	3.99115e-06	2.73786e-07	1.50869e-08	6.79379e-10	2.55759e-11	8.68914e-13	4.4656e-14	
N8	1.88463e-18	2.81343e-16	4.31801e-14	4.55617e-12	3.26251e-10	1.57851e-08	5.13321e-07	1.11519e-05	0.000160848	0.00153173	0.00959543	0.0395307	0.107586	0.195425	0.240688	0.20506	0.123624	0.0540059	0.0175072	0.00430924	0.000823019	0.000124447	1.51757e-05	1.51785e-06	1.26464e-07	8.91522e-09	5.44722e-10	3.15496e-11	2.93116e-12	
N9	8.48078e-24	8.09196e-21	6.52427e-18	3.35097e-15	1.07644e-12	2.12421e-10	2.51765e-08	1.74299e-06	6.81611e-05	0.00144814	0.0160259	0.0888555	0.241312	0.323706	0.223104	0.0840894	0.0185733	0.00256525	0.000234436	1.48732e-05	6.82049e-07	2.33919e-08	6.17629e-10	1.28697e-11	2.16224e-13	2.98617e-15	3.46398e-17	3.56373e-19	4.95355e-21	
N10	7.42106e-26	1.36812e-22	1.94341e-19	1.70511e-16	9.07049e-14	2.86286e-11	5.22038e-09	5.32664e-07	2.92963e-05	0.000832706	0.0117011	0.0780277	0.240256	0.341187	0.231134	0.0798195	0.0151757	0.00170934	0.000121662	5.78099e-06	1.92097e-07	4.64198e-09	8.43217e-11	1.18437e-12	1.31784e-14	1.18619e-16	8.80025e-19	5.54297e-21	4.50891e-23	
N11	1.00728e-24	1.12786e-21	1.04264e-18	6.21594e-16	2.35192e-13	5.54314e-11	7.9458e-09	6.72391e-07	3.23858e-05	0.000849883	0.0115543	0.077104	0.240653	0.343511	0.231035	0.0786937	0.0147808	0.0016596	0.000119475	5.84828e-06	2.04355e-07	5.30711e-09	1.05932e-10	1.67153e-12	2.13528e-14	2.25355e-16	2.00061e-18	1.54059e-20	1.59434e-22	
Danaus_chrysippus	0	0	0	0	0	0	0	0	0	0	0	0	0	0.539408	0.460592	0	0	0	0	0	0	0	0	0	0	0	0	0	0	
N12	1.22778e-45	1.21903e-40	8.70555e-36	3.94088e-31	1.11221e-26	1.91496e-22	1.95276e-18	1.13266e-14	3.53343e-11	5.46932e-08	3.70965e-05	0.00887673	0.462924	0.512501	0.0155395	0.000121571	3.99909e-07	6.93444e-10	7.23989e-13	4.97219e-16	2.39314e-19	8.46543e-23	2.28357e-26	4.83719e-30	8.23917e-34	1.15064e-37	1.33964e-41	1.33116e-45	1.39708e-49	
Danaus_eresimus	0	0	0	0	0	0	0	0	0	0	0	0	0.489568	0.510432	0	0	0	0	0	0	0	0	0	0	0	0	0	0	0	
Danaus_gilippus	0	0	0	0	0	0	0	0	0	0	0	0	0.483322	0.516678	0	0	0	0	0	0	0	0	0	0	0	0	0	0	0	
Danaus_genutia	0	0	0	0	0	0	0	0	0	0	0	0	0	1	0	0	0	0	0	0	0	0	0	0	0	0	0	0	0	
N13	7.24082e-34	8.03157e-30	6.81856e-26	3.72581e-22	1.28659e-18	2.74473e-15	3.50772e-12	2.57451e-09	1.02246e-06	0.000200971	0.0168289	0.435098	0.429121	0.111187	0.00735854	0.000201167	2.87443e-06	2.462e-08	1.38397e-10	5.44871e-13	1.57809e-15	3.49439e-18	6.102e-21	8.61957e-24	1.00607e-26	9.87896e-30	8.29643e-33	6.13628e-36	5.3315e-39	
Danaus_erippus	0	0	0	0	0	0	0	0	0	0	0	0	0	1	0	0	0	0	0	0	0	0	0	0	0	0	0	0	0	
Danaus_plexippus	0	0	0	0	0	0	0	0	0	0	0	1	0	0	0	0	0	0	0	0	0	0	0	0	0	0	0	0	0	
N14	1.4816e-45	2.49593e-41	3.66416e-37	3.69717e-33	2.52298e-29	1.15618e-25	3.52386e-22	7.0465e-19	9.07223e-16	7.32815e-13	3.58241e-10	1.00697e-07	1.50941e-05	0.00107502	0.0303035	0.258835	0.507409	0.17461	0.0263191	0.00140336	3.01618e-05	3.33328e-07	2.21417e-09	9.77938e-12	3.07885e-14	7.276e-17	1.35138e-19	2.1144e-22	3.64455e-25	
Tirumala_hamata	0	0	0	0	0	0	0	0	0	0	0	0	0	0	0.0205565	0.126466	0.602261	0.200156	0.0482793	0.00228041	0	0	0	0	0	0	0	0	0	
Tirumala_septentrionis	0	0	0	0	0	0	0	0	0	0	0	0	0	0	0	0.441259	0.448637	0.110104	0	0	0	0	0	0	0	0	0	0	0	
N15	2.08845e-19	4.90935e-17	1.11916e-14	1.71686e-12	1.74746e-10	1.16986e-08	5.0956e-07	1.42524e-05	0.000252137	0.00277502	0.0186877	0.0759138	0.184585	0.269792	0.241916	0.137765	0.051913	0.0134885	0.00251059	0.000346334	3.64832e-05	3.01214e-06	1.99382e-07	1.07924e-08	4.86111e-10	1.85131e-11	6.07964e-13	1.83909e-14	8.60392e-16	
N16	6.00232e-24	5.07185e-21	3.6646e-18	1.72859e-15	5.24843e-13	1.01047e-10	1.20995e-08	8.79266e-07	3.76055e-05	0.000911067	0.011924	0.0795605	0.252945	0.357753	0.217849	0.0662519	0.0114394	0.00123307	8.90802e-05	4.5554e-06	1.72198e-07	4.98324e-09	1.13639e-10	2.09209e-12	3.17378e-14	4.03819e-16	4.3823e-18	4.21335e-20	5.63424e-22	
Euploea_corinna	0	0	0	0	0	0	0	0	0	0	0	0	0	1	0	0	0	0	0	0	0	0	0	0	0	0	0	0	0	
Euploea_mulciber	0	0	0	0	0	0	0	0	0	0	0	0	0.818449	0.181551	0	0	0	0	0	0	0	0	0	0	0	0	0	0	0	
Idea_leuconoe	0	0	0	0	0	0	0	0	0	0	0	0	0	1	0	0	0	0	0	0	0	0	0	0	0	0	0	0	0	
N17	2.09664e-20	5.34002e-18	1.32025e-15	2.21511e-13	2.49149e-11	1.86564e-09	9.21945e-08	2.97517e-06	6.19455e-05	0.000821336	0.00684391	0.0354136	0.112836	0.220968	0.268192	0.206028	0.10345	0.0352373	0.00845096	0.00147733	0.00019419	1.97281e-05	1.58678e-06	1.03205e-07	5.52959e-09	2.48204e-10	9.52068e-12	3.34134e-13	1.84356e-14	
N18	9.26378e-28	1.20049e-24	1.33169e-21	9.8602e-19	4.82186e-16	1.5409e-13	3.17341e-11	4.13779e-09	3.34068e-07	1.62404e-05	0.000458876	0.00719881	0.0589916	0.231989	0.387463	0.235941	0.0666158	0.0102901	0.000972226	6.08419e-05	2.67676e-06	8.67071e-08	2.14552e-09	4.17898e-11	6.56849e-13	8.50888e-15	9.26782e-17	8.86956e-19	1.16609e-20	
Anetia_briarea	0	0	0	0	0	0	0	0	0	0	0	0	0	0	1	0	0	0	0	0	0	0	0	0	0	0	0	0	0	
Anetia_pantheratus	0	0	0	0	0	0	0	0	0	0	0	0	0	0	1	0	0	0	0	0	0	0	0	0	0	0	0	0	0	
Lycorea_ilione	0	0	0	0	0	0	0	0	0	0	0	0	0	1	0	0	0	0	0	0	0	0	0	0	0	0	0	0	0	
Libythea_celtis	0	0	0	0	0	0	0	0	0	0	0	0	0	0	1	0	0	0	0	0	0	0	0	0	0	0	0	0	0	
